              precision    recall  f1-score   support

           0       0.72      0.77      0.74      1000
           1       0.81      0.87      0.84      1000
           2       0.54      0.71      0.61      1000
           3       0.57      0.51      0.54      1000
           4       0.69      0.67      0.68      1000
           5       0.65      0.59      0.62      1000
           6       0.76      0.81      0.79      1000
           7       0.77      0.77      0.77      1000
           8       0.86      0.81      0.83      1000
           9       0.89      0.70      0.78      1000

    accuracy                           0.72     10000
   macro avg       0.73      0.72      0.72     10000
weighted avg       0.73      0.72      0.72     10000
