              precision    recall  f1-score   support

           0       0.76      0.78      0.77      1000
           1       0.88      0.83      0.85      1000
           2       0.63      0.67      0.65      1000
           3       0.62      0.52      0.57      1000
           4       0.69      0.73      0.71      1000
           5       0.66      0.68      0.67      1000
           6       0.80      0.83      0.82      1000
           7       0.78      0.77      0.77      1000
           8       0.80      0.84      0.82      1000
           9       0.83      0.80      0.82      1000

    accuracy                           0.75     10000
   macro avg       0.75      0.75      0.74     10000
weighted avg       0.75      0.75      0.74     10000
