              precision    recall  f1-score   support

           0       0.71      0.71      0.71      1000
           1       0.82      0.83      0.83      1000
           2       0.56      0.59      0.57      1000
           3       0.51      0.46      0.48      1000
           4       0.74      0.51      0.61      1000
           5       0.54      0.72      0.62      1000
           6       0.80      0.75      0.77      1000
           7       0.76      0.71      0.73      1000
           8       0.71      0.85      0.77      1000
           9       0.82      0.80      0.81      1000

    accuracy                           0.69     10000
   macro avg       0.70      0.69      0.69     10000
weighted avg       0.70      0.69      0.69     10000
