              precision    recall  f1-score   support

           0       0.80      0.72      0.76      1000
           1       0.92      0.81      0.86      1000
           2       0.61      0.68      0.64      1000
           3       0.63      0.52      0.57      1000
           4       0.68      0.76      0.72      1000
           5       0.64      0.65      0.65      1000
           6       0.79      0.84      0.81      1000
           7       0.76      0.81      0.79      1000
           8       0.82      0.85      0.83      1000
           9       0.84      0.81      0.82      1000

    accuracy                           0.75     10000
   macro avg       0.75      0.75      0.74     10000
weighted avg       0.75      0.75      0.74     10000
