              precision    recall  f1-score   support

           0       0.91      0.92      0.91      1744
           1       0.92      0.96      0.94      5099
           2       0.92      0.95      0.94      4149
           3       0.91      0.87      0.89      2882
           4       0.95      0.92      0.94      2523
           5       0.89      0.92      0.91      2384
           6       0.89      0.89      0.89      1977
           7       0.94      0.89      0.91      2019
           8       0.90      0.87      0.88      1660
           9       0.89      0.88      0.88      1595

    accuracy                           0.92     26032
   macro avg       0.91      0.91      0.91     26032
weighted avg       0.92      0.92      0.92     26032
