              precision    recall  f1-score   support

           0       0.78      0.77      0.77      1000
           1       0.89      0.81      0.85      1000
           2       0.63      0.65      0.64      1000
           3       0.52      0.62      0.57      1000
           4       0.67      0.73      0.70      1000
           5       0.66      0.57      0.61      1000
           6       0.80      0.81      0.80      1000
           7       0.84      0.74      0.79      1000
           8       0.83      0.84      0.83      1000
           9       0.82      0.83      0.82      1000

    accuracy                           0.74     10000
   macro avg       0.74      0.74      0.74     10000
weighted avg       0.74      0.74      0.74     10000
