              precision    recall  f1-score   support

           0       0.89      0.95      0.92      1744
           1       0.94      0.93      0.94      5099
           2       0.94      0.95      0.94      4149
           3       0.91      0.84      0.87      2882
           4       0.94      0.92      0.93      2523
           5       0.96      0.87      0.91      2384
           6       0.88      0.90      0.89      1977
           7       0.90      0.94      0.92      2019
           8       0.83      0.89      0.86      1660
           9       0.84      0.90      0.87      1595

    accuracy                           0.91     26032
   macro avg       0.90      0.91      0.91     26032
weighted avg       0.91      0.91      0.91     26032
