              precision    recall  f1-score   support

           0       0.98      0.92      0.95        60
           1       0.95      0.97      0.96       720
           2       0.96      1.00      0.98       750
           3       0.87      0.98      0.92       450
           4       1.00      0.96      0.98       660
           5       0.99      0.89      0.93       630
           6       0.99      0.92      0.95       150
           7       0.92      0.98      0.95       450
           8       0.96      0.95      0.96       450
           9       0.98      1.00      0.99       480
          10       0.99      0.99      0.99       660
          11       0.90      0.97      0.93       420
          12       0.97      1.00      0.99       690
          13       0.99      0.99      0.99       720
          14       0.99      1.00      1.00       270
          15       0.97      0.87      0.92       210
          16       0.99      0.97      0.98       150
          17       1.00      0.99      0.99       360
          18       0.99      0.84      0.91       390
          19       0.96      0.72      0.82        60
          20       0.56      0.98      0.72        90
          21       0.95      0.59      0.73        90
          22       0.98      0.92      0.95       120
          23       0.84      0.91      0.87       150
          24       0.93      0.92      0.93        90
          25       0.91      0.96      0.93       480
          26       0.94      0.81      0.87       180
          27       0.61      0.55      0.58        60
          28       0.97      0.95      0.96       150
          29       0.96      0.94      0.95        90
          30       0.84      0.71      0.77       150
          31       0.92      0.99      0.95       270
          32       0.88      1.00      0.94        60
          33       0.95      1.00      0.98       210
          34       0.99      0.99      0.99       120
          35       0.99      0.99      0.99       390
          36       0.97      0.97      0.97       120
          37       0.87      0.98      0.92        60
          38       1.00      0.97      0.98       690
          39       0.97      0.97      0.97        90
          40       0.95      0.83      0.89        90
          41       0.75      0.83      0.79        60
          42       0.97      0.81      0.88        90

    accuracy                           0.95     12630
   macro avg       0.93      0.92      0.92     12630
weighted avg       0.96      0.95      0.95     12630
