              precision    recall  f1-score   support

           0       0.72      0.79      0.75      1000
           1       0.87      0.83      0.85      1000
           2       0.58      0.67      0.63      1000
           3       0.51      0.59      0.54      1000
           4       0.67      0.72      0.70      1000
           5       0.67      0.56      0.61      1000
           6       0.82      0.75      0.79      1000
           7       0.82      0.72      0.77      1000
           8       0.83      0.84      0.83      1000
           9       0.84      0.76      0.80      1000

    accuracy                           0.72     10000
   macro avg       0.73      0.72      0.73     10000
weighted avg       0.73      0.72      0.73     10000
