              precision    recall  f1-score   support

           0       0.91      0.94      0.93      1744
           1       0.94      0.96      0.95      5099
           2       0.96      0.94      0.95      4149
           3       0.91      0.86      0.89      2882
           4       0.93      0.94      0.94      2523
           5       0.95      0.88      0.91      2384
           6       0.85      0.92      0.89      1977
           7       0.93      0.93      0.93      2019
           8       0.88      0.86      0.87      1660
           9       0.86      0.88      0.87      1595

    accuracy                           0.92     26032
   macro avg       0.91      0.91      0.91     26032
weighted avg       0.92      0.92      0.92     26032
