              precision    recall  f1-score   support

           0       0.73      0.77      0.75      1000
           1       0.89      0.83      0.86      1000
           2       0.61      0.66      0.64      1000
           3       0.52      0.58      0.54      1000
           4       0.72      0.65      0.69      1000
           5       0.65      0.64      0.64      1000
           6       0.81      0.78      0.80      1000
           7       0.82      0.74      0.78      1000
           8       0.84      0.83      0.83      1000
           9       0.77      0.85      0.81      1000

    accuracy                           0.73     10000
   macro avg       0.74      0.73      0.73     10000
weighted avg       0.74      0.73      0.73     10000
