              precision    recall  f1-score   support

           0       0.93      0.92      0.92      1744
           1       0.94      0.94      0.94      5099
           2       0.94      0.93      0.93      4149
           3       0.87      0.87      0.87      2882
           4       0.93      0.93      0.93      2523
           5       0.92      0.91      0.91      2384
           6       0.91      0.87      0.89      1977
           7       0.89      0.93      0.91      2019
           8       0.88      0.86      0.87      1660
           9       0.83      0.89      0.86      1595

    accuracy                           0.91     26032
   macro avg       0.90      0.91      0.90     26032
weighted avg       0.91      0.91      0.91     26032
